14,10
146,16
129,107
7,87
67,63
139,17
109,61
96,87
62,109
71,74
1 1 1 1 1 1 1 1 1 1 1 1 0 1 1 1 1 1 1 1 1 1 1 0 1 1 1 0 0 1 0 1 1 1 1 1 1 1 1 1 1 0 1 1 1 1 1 1 0 1 1 1 1 1 1 1 1 1 1 1 1 1 1 0 1 1 1 1 0 1 1 0 1 1 1 1 1 1 0 1 1 1 1 1 1 1 1 1 1 1 1 0 1 1 1 1 1 1 1 1 1 1 1 1 1 0 1 1 1 0 1 1 1 1 1 1 a 1 1 0 1 1 1 1 a 1 1 1 1 1 1 1 1 1 1 1 1 1 1 1 0 1 1 1 1 1 1 1 1 1 1 1 1 1 0 1 1 1 1 1 
0 1 0 1 1 1 1 1 1 0 0 1 1 1 1 1 0 1 1 1 0 1 1 1 1 1 1 1 1 0 1 1 1 1 1 0 1 1 0 1 1 1 1 0 1 1 1 0 1 0 1 0 1 1 1 1 1 1 1 1 1 0 0 1 0 1 1 0 1 1 1 1 1 1 1 0 1 1 1 0 1 1 0 1 1 1 1 1 1 1 1 1 1 1 1 1 1 1 1 1 1 1 0 1 1 1 1 1 1 1 0 1 1 1 1 1 a 1 1 1 1 1 1 1 a 1 1 1 1 1 1 1 1 1 0 1 0 0 1 0 1 1 0 1 1 1 1 0 1 1 1 1 1 1 1 0 1 1 1 1 
1 1 1 1 1 1 1 1 0 1 0 1 1 1 1 1 1 1 1 1 1 1 1 1 1 1 0 1 0 1 0 1 1 1 1 1 1 0 1 1 0 0 1 0 1 0 1 1 1 1 1 0 1 1 1 1 1 1 0 1 1 1 1 1 1 0 1 0 1 1 0 1 1 1 0 1 1 1 1 1 0 0 1 1 1 0 1 1 1 1 1 1 1 1 1 1 1 0 1 1 0 1 1 1 0 0 1 0 0 1 1 0 0 0 1 1 a 1 0 1 0 1 1 1 a 1 1 0 1 1 1 0 1 1 0 1 1 1 1 1 1 1 1 1 1 1 1 1 0 1 1 0 1 1 1 0 1 0 1 1 
0 1 1 1 1 1 1 1 1 0 1 1 0 1 1 1 1 1 1 1 0 1 1 1 1 1 1 0 1 1 1 1 1 1 1 1 1 1 1 1 1 0 1 1 1 1 1 1 1 1 1 0 1 0 1 1 1 0 0 1 1 0 1 1 1 1 0 1 0 1 1 1 1 1 1 1 1 1 1 1 0 1 1 1 1 0 0 1 1 1 1 1 1 1 1 1 1 1 1 1 1 1 1 1 1 1 1 1 1 1 0 1 1 1 1 1 a 0 1 1 1 1 1 1 0 1 0 2 1 2 0 2 0 2 0 2 1 0 0 2 1 1 2 1 2 1 0 1 2 2 1 2 1 0 2 0 1 1 1 1 
1 1 1 1 1 0 1 0 0 0 1 1 1 1 0 1 1 1 0 1 0 1 1 1 1 1 1 1 1 1 1 1 1 1 1 1 1 1 1 1 1 0 1 1 1 1 0 1 1 1 1 1 0 1 1 1 0 1 1 1 1 1 1 1 1 1 1 1 1 0 1 1 1 1 1 0 1 1 1 1 1 1 1 1 0 0 1 1 1 1 1 1 1 1 1 0 1 1 1 1 0 1 1 0 1 1 1 1 0 1 0 1 1 1 0 1 0 1 0 1 a a a 0 a 0 1 1 0 2 2 0 1 1 1 2 0 0 2 2 0 2 2 1 2 1 1 2 2 1 1 2 1 1 2 1 0 1 1 1 
1 1 0 1 1 1 1 1 1 1 1 1 1 1 1 0 1 1 1 1 1 1 1 1 0 1 1 1 1 1 0 1 1 0 1 1 0 1 1 1 1 1 1 1 1 0 1 1 1 1 0 1 1 1 1 1 1 0 0 1 1 1 1 0 1 1 1 1 1 1 1 1 0 0 1 1 1 1 1 0 1 1 1 0 0 1 1 0 0 1 1 1 1 1 1 0 1 1 0 0 1 0 1 1 1 0 0 1 1 1 1 1 1 0 1 0 a 1 1 1 a 1 1 1 0 1 1 1 0 2 0 2 1 0 2 1 2 2 0 2 2 1 1 1 0 0 1 2 1 0 0 2 1 1 1 1 1 1 1 1 
1 1 1 1 1 1 1 1 1 1 1 1 1 0 1 1 1 1 1 1 1 1 1 1 1 0 1 1 1 1 0 1 1 0 1 1 1 1 1 1 1 1 1 1 1 1 1 1 0 1 1 0 1 0 1 1 0 1 1 0 1 0 1 0 1 1 1 1 1 0 1 1 0 1 1 1 1 1 1 1 1 1 0 1 1 1 1 1 1 1 1 1 1 1 1 0 0 1 1 0 1 1 1 1 1 1 0 1 1 0 1 1 0 0 1 1 a a a a a 1 0 1 1 0 1 0 2 1 0 0 1 2 2 0 0 0 0 0 0 1 1 1 1 2 1 1 1 0 0 1 1 2 1 2 1 1 1 0 
1 1 0 1 1 1 1 1 1 1 1 1 0 1 1 1 0 1 1 0 0 1 1 1 0 1 1 1 1 1 0 1 1 1 0 1 1 1 1 1 1 1 0 1 1 1 1 0 1 0 1 0 1 1 1 1 1 1 0 1 1 1 1 1 1 1 1 1 1 0 1 1 1 0 1 1 1 1 1 1 1 1 1 1 1 1 1 0 1 1 1 1 0 1 0 1 1 1 0 0 0 1 1 0 1 1 1 0 1 1 1 1 1 1 1 1 1 1 0 1 1 1 1 1 1 1 1 1 1 2 1 2 2 0 1 1 0 0 1 2 2 1 1 2 0 2 1 2 2 1 1 2 2 2 0 0 0 1 1 1 
a a a a a 1 1 0 1 1 1 1 1 1 1 1 1 1 1 1 0 1 1 1 1 0 1 1 1 0 1 1 1 1 1 1 0 1 1 1 0 1 0 1 1 1 1 1 0 1 1 1 1 1 0 1 1 1 1 1 1 1 1 0 1 0 1 1 1 1 1 1 1 0 1 0 0 1 0 0 1 0 0 1 1 1 1 1 1 1 1 1 0 1 1 1 1 1 1 0 1 1 0 1 1 1 0 1 1 0 0 1 1 1 1 1 1 1 1 1 1 1 0 1 0 1 2 2 1 1 0 1 2 2 2 1 2 1 2 2 1 1 1 2 2 2 1 1 2 2 1 0 1 1 1 2 1 1 1 1 
1 1 1 0 a 1 1 1 1 1 1 1 1 0 0 1 1 0 1 1 1 1 1 1 1 1 1 1 0 1 1 1 1 1 1 0 1 0 1 1 1 1 1 1 1 1 0 1 1 1 1 1 0 0 1 1 1 1 1 1 1 0 1 1 1 1 1 1 1 1 1 1 1 0 0 1 1 1 1 0 1 1 1 1 1 1 0 0 1 1 1 1 0 1 0 1 1 1 1 0 1 1 1 1 0 1 0 1 1 1 1 1 1 1 1 1 0 1 1 1 1 1 1 1 1 2 1 1 2 0 1 0 1 0 2 1 1 2 0 0 0 1 1 1 1 0 1 1 1 1 0 1 2 1 2 1 0 1 1 1 
1 0 1 1 a 1 1 0 1 1 1 1 1 1 s 1 1 1 1 1 1 0 1 0 1 1 1 0 1 1 0 1 1 1 1 1 1 1 1 1 1 1 1 0 1 1 1 0 1 1 1 1 0 1 1 0 0 0 1 1 0 1 1 1 0 1 1 1 0 0 0 1 1 1 1 1 1 1 1 1 1 1 1 1 0 1 0 1 1 1 1 1 0 1 0 1 1 1 1 1 1 1 0 1 0 1 1 1 1 1 1 1 1 1 1 1 1 1 1 1 1 1 1 1 1 2 2 2 1 2 0 1 1 2 0 2 1 2 1 2 1 2 0 2 0 1 1 2 2 1 2 2 0 1 0 1 1 0 1 1 
1 1 1 1 a 1 1 1 0 1 0 1 1 0 1 1 1 1 1 1 1 1 1 1 1 1 1 1 1 0 1 1 0 1 1 1 1 0 1 1 1 1 1 0 1 1 1 1 0 1 1 1 1 1 1 1 0 0 1 0 1 1 1 0 1 1 1 1 1 1 1 0 1 1 1 0 1 0 0 1 1 1 1 1 1 1 1 1 1 0 1 1 0 1 1 1 1 1 1 0 1 1 1 1 1 1 1 1 1 1 1 1 1 0 1 1 1 1 1 1 1 1 1 1 1 1 2 1 0 0 0 1 2 0 2 2 1 2 2 1 1 2 0 1 2 1 2 1 1 0 2 2 1 1 2 1 1 1 1 1 
1 1 0 1 a 1 0 0 1 1 0 1 1 1 1 1 0 1 1 1 1 0 1 1 1 1 1 1 0 1 0 0 0 1 1 0 1 1 1 0 1 1 1 1 1 0 1 0 1 1 1 1 0 0 1 1 0 1 0 1 0 1 1 1 0 1 1 1 1 0 1 1 1 1 1 1 1 1 1 1 1 0 0 0 1 1 1 1 1 1 1 1 1 1 1 1 1 1 1 0 1 0 1 1 1 1 0 1 1 1 1 1 1 1 1 1 1 1 1 1 1 0 1 1 1 2 1 1 2 1 2 1 1 2 1 2 0 2 1 2 2 0 2 2 1 0 2 1 2 1 2 1 2 1 1 2 1 0 0 0 
0 1 0 1 a 1 1 1 1 1 1 1 1 1 1 0 0 1 1 1 1 1 1 1 0 1 0 1 1 1 1 0 0 1 1 0 1 1 1 1 1 0 1 1 0 1 1 1 1 1 1 1 0 1 1 1 1 1 1 1 1 1 1 1 1 1 1 1 1 0 1 0 1 1 1 1 1 1 1 1 1 1 1 1 0 0 1 0 1 1 1 1 1 0 1 1 1 0 1 1 0 1 1 1 1 1 1 1 0 1 1 0 0 1 0 1 0 1 1 1 1 1 1 1 1 2 2 1 2 2 0 0 2 0 1 2 1 0 2 2 2 2 1 1 1 2 2 2 0 2 1 1 2 1 1 2 1 1 1 0 
1 1 0 0 a 1 1 1 1 1 1 1 1 0 1 1 1 1 1 0 1 0 0 0 1 1 1 1 1 1 1 1 1 0 0 1 0 1 1 1 1 1 1 1 1 1 1 1 1 1 0 0 1 1 1 1 1 0 1 0 1 0 1 1 0 1 1 1 1 1 1 1 0 0 1 1 1 1 1 0 1 0 1 1 1 1 1 1 0 0 0 1 1 0 0 1 1 0 1 1 1 1 1 1 1 1 1 1 0 0 1 1 0 1 1 0 1 1 1 1 1 1 0 0 1 1 0 1 2 1 1 2 2 2 0 0 2 2 2 2 2 2 0 2 1 2 1 1 1 0 2 2 1 2 1 1 1 0 1 0 
0 1 1 1 0 1 0 1 0 1 1 1 1 1 0 1 1 1 1 1 1 1 0 1 1 1 1 0 1 1 1 1 0 1 0 1 1 1 1 0 1 1 0 0 0 1 1 1 1 0 1 1 1 0 1 1 0 1 1 1 0 1 1 1 1 0 1 1 0 0 1 1 1 1 0 1 0 1 1 1 1 0 1 1 1 0 1 1 1 1 0 1 0 1 1 0 1 1 1 1 0 1 0 1 1 1 1 1 1 1 1 1 1 1 0 1 1 0 1 1 1 1 1 0 1 2 0 2 2 1 1 2 1 2 1 1 1 0 2 2 1 2 2 0 2 2 1 2 1 1 2 1 1 1 0 2 1 1 1 1 
1 1 1 0 0 0 a 1 1 1 1 0 1 0 1 1 1 1 0 0 0 1 1 1 0 1 1 1 1 1 0 1 1 1 1 1 1 1 1 1 1 0 1 0 1 1 1 1 1 1 1 1 1 1 1 0 0 1 1 0 1 1 1 1 1 0 1 1 1 1 0 0 1 1 1 1 1 1 1 1 1 1 1 0 1 1 1 1 1 1 1 1 1 1 1 1 1 1 1 1 1 1 1 1 1 1 1 1 0 1 1 1 1 0 1 1 1 1 1 1 1 1 1 1 1 0 0 2 2 0 1 1 1 0 1 2 2 0 1 2 2 0 0 0 2 2 s 1 1 1 1 0 1 0 0 2 0 1 1 1 
1 1 1 1 1 1 0 1 0 1 1 1 1 0 1 1 0 1 1 1 1 1 1 0 1 1 1 1 0 1 1 1 1 1 1 1 1 1 1 1 1 1 1 1 0 1 1 1 1 1 0 1 1 1 1 0 1 1 1 1 1 0 1 1 0 1 1 1 1 1 1 1 1 1 0 1 1 1 1 1 1 1 1 1 1 1 1 1 1 1 1 1 1 0 1 1 1 1 1 1 1 1 1 1 1 1 1 1 1 1 1 1 1 1 1 1 1 1 1 1 1 1 1 1 1 2 0 1 2 2 1 1 2 2 2 2 2 2 2 2 2 2 1 2 2 0 0 2 1 1 1 2 1 0 1 2 1 0 1 1 
1 1 1 1 1 1 a 0 1 1 1 1 1 1 1 0 1 1 1 1 0 0 1 0 1 1 1 1 1 1 1 0 1 1 1 0 1 1 0 1 0 0 0 0 1 0 1 1 1 0 1 1 1 0 0 1 1 1 1 1 1 0 1 1 0 1 0 1 1 1 1 1 1 1 1 1 1 1 1 1 1 0 1 1 1 1 1 1 1 1 1 1 1 1 1 0 1 1 1 1 1 1 1 1 1 1 1 1 0 1 1 1 1 0 1 1 1 1 1 1 1 1 1 1 1 2 1 0 1 1 0 1 1 2 2 1 1 2 1 2 0 1 0 2 2 1 1 2 1 1 1 1 2 1 1 2 0 1 1 1 
1 1 1 1 0 1 a 1 0 1 1 1 1 1 1 1 1 1 1 1 1 1 1 1 1 1 1 1 1 1 1 0 1 0 1 1 1 1 1 1 1 1 1 0 0 1 1 0 1 0 1 1 0 1 1 1 0 1 1 0 1 0 0 1 0 1 1 1 1 1 0 1 1 1 0 1 1 0 0 1 1 1 1 1 1 1 1 1 1 1 1 1 1 1 1 0 1 1 1 0 0 0 0 1 0 1 0 1 1 1 1 1 1 1 1 0 0 1 1 1 1 1 1 1 1 2 1 2 2 0 1 2 1 1 1 2 1 1 2 2 1 0 2 1 1 2 1 1 1 2 2 2 0 2 1 2 0 1 0 1 
a a a a a a a 1 1 0 1 0 1 1 1 0 1 1 1 1 1 1 1 1 1 1 1 1 1 1 1 1 1 1 1 1 1 1 0 1 1 1 1 1 1 1 1 1 1 0 1 1 1 1 1 1 1 1 1 1 1 1 0 0 1 1 1 1 1 1 1 0 1 1 1 1 1 1 1 1 0 1 1 1 1 1 0 1 1 0 1 1 1 1 1 1 0 1 1 1 1 0 1 1 1 1 1 1 1 1 1 1 1 1 1 1 0 1 0 1 1 1 1 1 1 1 1 2 1 1 1 1 2 2 2 2 2 1 1 2 2 1 1 1 1 1 1 0 2 2 2 2 1 1 0 0 1 1 1 1 
1 1 1 1 1 1 1 1 1 1 1 1 0 1 1 1 1 1 0 1 1 1 1 1 0 1 1 1 1 1 1 1 1 1 1 1 1 1 0 1 0 1 1 0 1 0 1 1 1 1 1 1 1 1 0 1 0 1 0 1 1 1 0 1 1 1 1 0 1 1 0 1 0 1 1 1 1 1 1 1 1 1 1 1 0 1 1 1 0 1 1 1 1 1 1 1 1 1 1 1 1 1 1 1 1 1 1 1 1 1 1 1 1 1 1 1 1 0 1 1 1 1 1 1 1 2 2 2 2 2 1 2 2 0 2 1 0 2 1 2 1 1 1 0 2 2 0 0 1 2 2 2 2 2 2 2 1 1 0 1 
0 1 1 1 1 0 1 1 0 1 1 0 1 1 1 1 1 1 1 1 1 1 1 1 0 1 1 1 1 1 1 1 1 1 1 1 0 1 1 1 1 1 1 1 0 1 1 0 1 1 0 1 1 1 1 1 1 0 0 1 0 1 1 1 1 0 1 1 1 1 1 1 1 1 1 1 1 1 1 1 1 0 1 1 0 1 1 1 0 1 0 1 1 1 1 0 1 1 1 0 1 1 1 1 1 0 1 1 1 1 0 1 1 1 1 1 1 0 1 1 1 1 1 1 1 2 2 0 1 2 2 2 0 2 0 2 2 2 2 0 2 1 1 2 1 2 0 1 2 2 2 1 1 1 1 1 1 1 1 1 
1 1 1 1 0 1 0 1 1 0 1 1 1 1 1 1 1 1 1 1 1 0 1 1 1 0 1 1 1 1 1 1 1 1 1 1 1 0 1 1 1 1 0 1 1 1 1 1 1 0 1 1 0 1 1 0 1 1 1 1 0 1 1 0 1 1 1 1 1 1 1 1 1 1 0 1 1 1 1 1 1 1 1 1 0 0 0 1 1 0 1 1 1 1 1 1 1 1 1 1 1 1 1 0 0 1 1 0 1 1 0 1 1 1 1 1 1 1 1 1 0 0 1 1 0 2 2 0 2 2 2 1 1 0 1 2 2 2 2 2 0 1 1 1 1 1 0 1 2 2 1 1 1 1 1 2 1 1 1 1 
0 1 1 1 1 1 1 1 1 1 1 1 0 1 1 1 1 1 1 1 1 0 1 1 1 1 1 1 0 1 0 1 1 1 1 0 1 0 1 1 1 1 1 0 1 1 1 0 1 1 0 1 1 1 0 1 1 1 1 1 1 0 0 1 0 1 1 1 1 1 1 1 1 1 0 1 1 1 1 0 1 0 0 1 1 1 1 1 1 1 1 1 1 1 1 1 1 1 1 0 1 0 1 1 1 1 1 0 1 0 1 1 1 1 1 1 1 1 1 0 1 1 1 0 1 2 1 2 1 1 0 0 2 2 1 2 0 1 1 1 1 1 1 2 1 0 1 2 0 1 2 1 2 2 1 2 1 1 1 1 
0 0 1 1 1 1 1 1 1 0 1 0 1 0 1 1 1 1 1 1 1 0 1 0 1 1 1 1 1 1 1 1 1 1 1 1 1 1 1 1 1 1 1 1 1 1 1 1 0 1 1 0 1 1 1 0 1 1 1 1 1 1 1 0 0 1 1 1 0 0 1 1 1 1 1 1 0 1 1 1 0 1 0 0 0 1 1 1 1 1 0 1 1 1 1 1 0 1 1 1 1 1 1 1 1 1 1 1 0 1 1 1 0 0 1 1 1 1 1 1 0 0 1 1 1 0 1 0 1 2 0 1 1 2 2 2 0 2 0 2 0 2 2 2 0 2 1 1 1 1 2 2 0 2 2 1 1 1 1 1 
1 1 1 0 1 1 1 1 1 1 1 1 1 1 1 1 1 1 1 1 0 1 1 1 1 1 1 1 1 1 1 1 1 1 0 1 1 1 1 1 0 1 1 1 1 1 1 0 0 1 1 1 1 1 1 1 1 1 1 1 1 0 1 1 1 0 1 1 1 1 1 1 1 1 1 1 1 1 1 1 1 1 1 0 1 1 0 1 1 1 1 1 1 0 0 1 1 0 0 1 0 1 1 1 1 0 1 0 1 1 0 1 1 1 1 1 1 1 1 1 1 1 1 1 1 1 2 2 0 1 2 2 2 2 0 2 0 1 2 0 2 1 1 2 2 2 2 1 0 1 0 1 2 1 2 1 1 1 1 1 
0 1 1 1 1 1 1 1 1 1 1 1 0 1 1 1 1 1 1 1 1 1 1 1 1 0 1 1 1 1 1 1 1 0 0 1 1 1 1 1 1 1 1 0 1 1 0 1 0 0 1 0 1 1 1 1 1 1 1 1 1 0 1 0 1 1 1 1 1 1 1 1 0 0 1 1 1 1 1 1 1 1 1 1 1 0 1 0 1 1 1 1 1 1 1 0 1 1 1 1 1 1 1 1 1 1 1 1 1 1 1 0 1 1 1 1 0 1 1 1 0 1 1 1 0 2 1 1 2 1 2 1 1 1 2 2 2 1 2 2 2 2 1 1 2 0 1 2 1 2 0 2 2 0 0 1 0 1 0 1 
1 1 1 1 1 1 0 1 1 0 1 1 1 1 1 1 0 1 1 1 1 0 0 1 0 0 1 1 1 1 1 1 1 1 1 1 1 0 1 1 1 1 1 1 0 1 1 1 1 1 1 1 1 1 1 0 1 1 1 1 1 1 0 1 1 1 1 1 1 1 0 1 0 1 1 1 1 1 1 1 1 1 1 0 0 1 1 0 1 1 1 1 1 1 1 1 0 0 1 1 1 0 1 1 1 0 1 1 1 1 1 0 1 1 1 1 1 1 1 0 0 1 1 0 1 2 0 2 2 1 1 0 2 2 1 1 0 1 1 2 2 0 0 1 2 0 1 1 0 1 2 2 2 1 2 2 0 1 0 1 
0 1 0 1 1 1 1 0 0 1 1 1 1 1 0 1 1 1 1 1 1 0 1 0 0 1 1 1 1 0 1 1 1 1 1 1 1 1 1 1 1 0 1 1 0 0 1 0 1 1 1 1 1 1 1 0 1 1 1 1 1 1 1 1 1 1 0 1 0 1 1 0 1 1 1 1 1 1 1 1 1 1 1 1 1 1 1 1 1 1 1 1 0 1 0 1 1 1 1 0 1 1 1 1 1 1 1 0 0 1 1 1 1 0 1 0 1 0 1 1 1 1 1 0 1 1 0 1 2 1 1 0 2 2 1 1 1 2 1 0 2 1 1 0 2 0 2 1 2 2 1 0 2 1 2 1 1 1 1 1 
1 1 1 1 1 0 0 1 1 1 0 1 1 1 1 1 1 0 1 0 0 1 1 1 1 0 1 1 1 1 1 1 1 1 0 1 1 1 1 1 1 0 1 0 1 1 1 1 1 1 1 0 1 0 1 1 1 1 1 0 0 0 1 1 1 1 1 1 1 1 1 1 1 1 1 1 1 1 1 1 1 1 1 0 1 1 1 1 0 1 1 1 1 0 1 1 1 1 1 1 1 0 1 1 1 1 1 1 1 1 1 1 1 1 0 1 1 1 1 0 1 1 1 1 0 2 2 2 1 1 1 0 0 1 1 2 2 0 2 2 2 0 1 1 2 1 2 1 2 0 2 2 0 2 2 2 1 1 1 1 
0 1 1 1 0 1 1 0 1 0 1 1 1 1 1 1 1 1 1 0 1 1 1 1 0 1 1 1 0 1 1 1 1 0 1 1 1 1 1 1 1 1 1 0 1 1 1 1 0 1 1 1 1 1 1 1 1 1 1 0 1 1 1 1 1 1 1 1 1 1 1 1 1 1 0 1 1 1 1 1 0 1 1 1 1 1 1 1 0 1 1 1 1 1 0 1 1 1 1 1 1 1 1 1 1 1 1 1 1 1 1 1 1 1 1 1 1 1 1 1 1 1 1 1 1 2 2 1 1 1 2 1 2 1 1 2 1 0 2 2 2 0 1 1 2 1 2 1 1 2 2 1 2 2 2 1 1 1 1 0 
1 1 1 1 1 1 0 1 0 0 0 1 1 1 1 0 0 1 1 1 1 1 1 1 1 0 1 1 0 0 1 1 1 0 1 1 1 1 1 0 1 1 0 1 1 1 1 1 1 0 0 0 1 1 1 1 1 1 1 1 1 1 0 1 1 1 1 0 1 1 1 1 1 1 0 1 1 1 1 1 0 1 0 0 1 1 1 1 1 1 1 0 1 1 1 1 1 1 0 0 1 0 1 1 0 1 1 1 0 0 1 1 0 1 1 1 1 1 1 1 1 0 1 1 1 2 2 2 1 2 1 2 1 0 1 1 2 2 0 0 0 1 1 2 0 2 2 1 1 2 2 2 0 2 1 1 1 1 1 1 
1 1 1 1 1 1 1 1 0 1 0 1 1 0 1 1 0 0 1 1 1 1 1 1 0 1 0 1 1 1 1 1 1 1 1 1 1 0 1 1 1 1 1 1 1 1 1 1 1 1 1 1 1 0 1 1 1 1 1 1 1 1 1 1 1 1 1 1 1 1 1 1 1 1 1 1 1 1 1 1 1 1 1 1 1 1 1 1 1 1 1 1 1 1 1 1 1 1 1 0 0 0 1 1 0 1 1 0 0 1 0 1 1 1 1 0 1 1 1 1 1 0 1 1 1 2 2 2 2 2 0 1 2 1 1 1 1 1 0 2 1 2 2 2 1 1 1 1 1 2 2 2 2 2 2 1 1 1 0 1 
0 1 1 0 1 1 1 1 1 0 0 1 1 1 1 1 1 1 0 1 1 1 1 1 1 1 1 0 1 1 0 1 1 1 1 0 1 1 1 1 1 1 1 1 1 1 1 1 1 0 1 1 1 1 1 0 1 1 1 0 1 1 1 1 1 1 0 1 1 1 1 1 1 1 1 0 1 1 1 1 1 1 1 1 1 0 1 1 1 0 0 1 1 0 1 1 1 1 0 1 1 0 1 0 1 0 1 1 1 1 1 1 1 1 0 1 1 1 1 1 0 1 1 1 1 1 1 0 1 1 1 1 0 1 0 1 1 1 0 1 1 1 1 1 1 1 1 1 0 1 1 1 1 0 1 1 1 1 1 1 
1 1 1 1 1 1 1 1 1 1 1 1 1 1 1 1 1 1 0 1 0 1 0 1 0 1 1 0 0 1 1 0 1 0 1 1 0 1 1 1 1 1 1 1 1 1 1 1 1 1 1 1 1 1 1 1 1 1 1 1 1 0 1 0 0 1 1 1 0 1 1 1 1 1 1 1 1 1 1 1 1 1 1 0 1 1 1 1 1 1 1 1 0 0 1 1 1 1 1 0 1 1 1 0 1 1 0 0 1 0 1 1 0 1 1 1 1 0 1 1 1 1 0 0 1 0 1 1 1 1 1 1 1 1 1 0 1 1 1 1 1 1 1 1 0 1 1 1 1 1 1 1 1 0 1 0 1 1 1 1 
1 1 1 0 1 1 1 1 0 1 1 1 1 0 0 1 1 1 1 1 1 0 0 1 1 0 1 1 0 1 1 0 1 1 1 1 1 1 0 1 1 1 1 1 1 1 1 1 1 1 0 1 1 1 1 1 1 1 1 1 1 1 1 0 1 1 1 0 1 1 0 1 1 0 1 1 1 1 1 1 1 0 1 1 1 1 1 1 0 1 1 0 1 1 1 1 1 1 1 0 1 1 1 1 1 1 1 1 1 1 1 1 1 1 1 1 1 1 0 0 1 1 0 1 1 1 1 1 1 1 1 1 1 1 1 1 1 1 1 0 1 1 0 1 1 1 1 0 0 1 1 1 1 1 1 1 1 1 1 1 
1 1 0 0 1 1 1 1 1 1 1 1 1 1 1 1 1 1 0 1 1 1 1 0 0 0 1 1 1 1 0 0 1 1 0 1 1 1 1 1 1 1 1 0 1 1 0 1 1 1 1 1 1 1 1 1 0 1 1 1 1 1 1 0 1 1 1 0 1 1 1 1 0 1 1 1 0 1 1 1 1 1 0 0 1 1 1 1 1 1 1 1 0 1 0 1 1 1 1 1 1 1 1 1 1 1 1 0 1 1 1 1 1 1 1 1 1 1 1 1 1 0 1 1 0 0 1 1 1 0 1 0 1 1 1 0 1 1 1 0 1 1 1 1 1 1 1 1 1 1 1 1 1 1 1 1 1 1 0 0 
1 1 1 0 1 1 1 1 1 1 1 0 1 1 1 1 0 1 1 0 1 1 0 1 1 1 1 1 1 1 1 1 1 0 0 0 1 1 0 1 1 1 1 1 1 1 1 1 1 1 1 1 1 0 1 1 1 1 0 1 1 1 1 1 1 1 1 1 1 1 1 1 0 1 1 1 0 1 1 1 1 1 1 0 1 1 1 1 0 0 1 1 0 1 0 1 1 1 1 1 1 1 1 1 1 1 1 1 1 1 1 1 1 1 1 1 1 1 0 1 0 1 0 1 1 1 1 1 1 1 1 1 1 1 1 1 1 1 1 1 0 1 0 0 1 1 1 1 1 0 1 1 1 1 0 1 0 0 1 1 
1 1 1 1 1 1 1 0 1 1 1 1 1 1 0 1 1 0 1 0 1 1 1 1 1 1 1 0 0 0 0 0 1 0 1 0 0 1 1 1 1 1 1 0 0 1 1 1 1 1 1 1 1 1 1 0 1 1 1 1 1 1 1 1 1 1 1 1 0 1 1 1 0 0 1 1 1 1 1 1 1 0 1 1 1 0 1 1 1 1 1 1 0 1 1 1 1 1 1 1 1 1 1 1 1 1 1 0 0 1 1 0 0 0 1 1 0 1 0 0 1 1 1 1 1 1 1 1 1 1 0 1 1 1 1 1 1 1 1 1 1 1 1 1 1 1 0 1 1 1 1 0 1 1 0 1 1 1 0 1 
1 1 1 1 1 1 1 1 1 0 1 1 0 1 1 1 1 1 1 1 1 0 1 1 1 1 1 1 1 1 1 1 1 1 1 1 1 1 0 0 1 0 0 1 0 1 1 1 1 1 1 1 0 1 1 1 0 1 1 1 1 1 1 1 1 1 1 1 1 1 1 1 1 1 1 1 1 1 1 1 1 1 0 1 0 1 1 1 1 1 1 1 1 0 1 1 1 1 1 0 1 1 1 1 1 1 0 1 1 1 1 1 1 1 1 0 1 1 1 1 1 1 1 1 0 1 0 1 1 1 1 1 1 1 1 1 0 1 1 1 1 1 0 1 1 1 1 1 1 1 0 1 1 1 1 1 0 1 1 1 
1 1 0 1 0 0 1 1 1 0 1 1 1 1 1 1 1 0 0 1 1 1 1 1 1 1 1 1 1 1 1 1 1 1 1 1 1 1 1 0 1 1 1 1 1 1 1 0 1 1 1 1 1 1 1 1 1 0 1 1 0 1 1 1 1 1 1 1 1 1 1 1 0 1 1 1 0 1 1 0 1 1 1 1 0 0 1 1 1 1 1 1 0 0 1 0 1 1 1 1 1 1 1 0 0 1 0 1 1 0 1 0 1 1 1 1 0 1 1 1 1 1 1 1 1 1 1 1 1 1 1 1 0 1 1 1 1 1 0 1 1 0 1 1 0 1 1 1 0 1 1 1 1 1 1 1 1 1 1 1 
1 1 1 1 1 1 1 1 1 1 1 1 0 1 1 1 1 1 1 1 1 1 0 1 0 1 1 0 1 1 1 0 0 1 1 1 1 1 0 0 1 1 1 1 0 1 1 1 1 1 1 1 1 1 0 0 1 1 0 1 0 1 1 1 1 1 1 1 0 1 1 1 1 1 1 1 1 1 1 1 1 1 0 0 1 1 1 1 1 1 0 1 1 1 1 1 1 1 0 0 1 1 0 1 1 1 0 1 1 1 0 1 1 1 0 1 1 0 1 1 1 1 0 1 1 1 1 1 1 1 1 0 1 1 1 1 0 0 1 0 1 0 0 1 1 1 1 1 1 1 1 1 0 1 1 1 1 1 1 0 
1 1 0 1 0 1 1 0 0 0 1 0 1 0 1 0 1 1 1 1 0 1 0 0 1 0 1 0 1 1 1 1 1 1 1 1 1 1 1 1 1 1 1 1 1 1 1 1 1 0 1 0 1 1 1 1 1 1 1 0 1 0 1 1 0 1 1 1 1 0 1 0 1 1 0 1 1 1 1 1 1 1 1 1 0 1 1 1 1 1 0 1 1 1 1 1 1 0 1 1 0 1 1 0 1 1 0 1 1 1 1 1 1 1 1 1 1 1 0 1 1 1 1 1 1 1 0 0 0 1 1 1 1 1 1 1 1 1 0 1 1 0 1 0 1 1 1 1 1 0 1 1 1 0 1 1 0 0 1 1 
1 1 1 1 1 1 0 1 0 0 1 1 1 1 1 1 1 1 1 1 1 1 0 1 0 1 1 1 1 1 1 0 1 1 1 1 1 1 1 1 1 1 1 1 1 1 0 1 1 1 1 1 1 0 1 1 1 1 1 1 1 1 1 1 1 1 1 0 1 1 1 0 1 1 1 1 1 1 0 1 1 1 1 0 1 1 1 1 1 1 0 1 1 1 1 1 1 1 1 1 1 1 1 1 1 1 0 1 1 1 1 1 1 0 1 1 1 1 1 1 1 1 0 0 0 1 1 1 0 0 1 1 0 0 1 1 1 1 1 1 1 1 1 1 1 0 1 0 1 1 1 1 0 1 1 1 1 1 1 1 
1 1 1 1 0 1 1 1 1 1 1 1 1 1 1 1 1 1 1 0 1 1 1 1 1 1 1 1 1 1 1 1 1 1 1 1 1 1 1 0 1 1 1 1 1 1 1 1 1 0 1 0 1 1 1 1 1 0 1 1 1 1 1 1 1 0 0 1 1 1 1 1 1 1 1 1 1 1 1 1 1 1 1 1 1 1 1 1 1 1 1 1 1 1 1 1 1 1 1 1 1 0 1 1 1 1 0 1 0 0 1 0 1 1 1 1 1 1 1 1 0 1 1 0 1 1 1 1 0 1 1 1 1 1 0 1 1 1 1 1 1 0 1 1 1 1 1 0 1 1 0 1 1 1 1 0 1 1 0 1 
1 1 1 1 0 1 1 1 1 0 0 1 1 1 1 1 1 1 1 1 1 1 1 1 0 1 0 1 1 0 1 1 0 0 1 1 1 1 0 0 1 1 1 1 1 1 1 1 1 1 1 1 1 1 1 0 0 1 1 0 1 1 0 0 1 1 1 0 1 1 1 0 1 1 1 1 1 1 0 1 1 1 1 0 1 1 1 1 0 1 1 1 0 1 1 1 1 1 1 1 1 0 1 1 0 1 0 1 1 1 1 1 0 0 1 1 1 1 1 1 0 1 0 1 1 1 1 1 1 1 1 1 1 1 1 1 0 1 1 1 1 1 1 1 1 1 1 1 1 1 1 1 1 1 1 1 1 1 0 1 
1 1 1 1 1 1 1 1 1 0 0 1 1 1 1 1 1 1 1 1 1 1 1 1 1 1 1 1 1 1 1 1 0 1 1 1 1 1 1 1 0 1 1 1 1 1 0 1 1 1 1 1 1 1 1 1 0 0 0 1 1 1 1 1 1 0 1 0 1 1 1 1 1 1 0 1 1 1 1 1 1 1 1 1 1 1 1 1 0 1 0 1 1 0 1 1 1 2 2 2 1 2 2 0 2 2 1 1 2 2 2 1 0 2 1 2 0 1 2 2 2 0 1 2 2 2 1 1 0 1 1 1 1 0 1 1 1 1 1 1 1 1 1 1 1 1 1 0 1 1 1 1 1 1 1 1 1 1 1 1 
0 1 1 1 1 1 1 1 0 1 1 1 1 1 1 1 1 1 1 1 1 1 1 1 1 1 1 1 1 1 1 1 1 1 1 0 0 1 1 0 1 1 0 1 1 0 0 0 1 1 1 1 1 1 1 1 0 1 1 1 1 1 1 1 1 1 1 1 1 1 1 1 1 1 1 1 1 1 1 1 1 1 1 1 0 1 1 1 1 1 1 1 1 1 1 2 1 1 2 2 0 2 1 2 0 1 1 2 2 2 2 2 2 1 1 0 2 1 2 1 1 2 1 0 0 1 1 1 1 1 1 1 0 1 1 1 1 1 1 1 1 1 1 0 1 1 1 1 1 1 1 1 1 1 1 0 0 1 1 1 
0 1 1 1 1 0 0 1 1 1 0 1 1 1 1 0 1 1 1 1 1 0 0 1 1 0 1 1 1 0 1 1 0 1 1 1 1 1 0 1 1 1 1 0 1 1 1 0 0 0 1 1 1 1 2 1 2 0 1 2 0 1 1 2 1 1 0 0 2 1 0 1 0 2 2 0 1 2 2 2 0 2 2 0 1 1 0 1 1 1 1 1 0 1 1 0 1 1 1 2 0 2 1 2 2 2 2 2 1 2 2 1 2 2 2 2 2 2 0 1 2 2 1 1 2 0 1 1 1 1 1 0 1 1 1 1 0 1 1 1 1 1 1 1 1 1 1 1 1 1 1 1 1 0 1 1 1 1 0 1 
1 1 1 1 0 1 0 1 0 1 1 1 1 1 1 1 1 1 1 1 1 1 0 1 0 0 1 1 1 0 1 1 1 0 0 1 1 1 1 1 1 1 1 1 1 1 1 1 0 1 1 0 1 1 2 2 2 1 2 2 1 2 2 2 2 2 2 1 2 1 2 0 1 2 2 1 2 1 2 0 2 1 0 1 1 1 1 1 1 1 1 1 1 1 1 1 1 1 2 2 1 1 1 2 2 1 2 0 1 2 1 2 1 1 1 1 1 2 1 1 1 2 0 1 2 1 1 1 1 1 1 1 0 1 1 0 0 1 0 1 1 1 1 1 1 1 1 1 1 1 1 1 1 1 0 1 0 1 1 1 
0 1 1 1 1 1 1 0 0 1 1 0 1 1 0 1 0 1 1 0 0 1 0 1 0 1 1 0 0 1 1 1 1 1 1 1 1 1 1 1 0 0 1 1 1 0 1 1 1 0 0 1 1 2 1 2 2 2 0 0 1 2 2 1 2 2 2 0 1 0 1 0 2 1 0 0 0 1 1 2 2 2 0 0 0 1 1 1 0 1 1 0 1 1 1 1 1 1 1 2 2 0 2 2 0 2 1 2 2 2 2 2 1 2 1 2 0 0 2 2 1 2 0 2 2 1 1 1 1 1 1 1 1 1 1 1 0 1 1 1 1 1 1 1 0 1 1 0 1 1 0 1 1 1 0 0 1 1 0 1 
0 1 1 1 0 1 1 1 1 1 1 1 1 1 1 0 0 1 1 1 1 1 1 1 1 1 1 1 1 0 0 1 1 1 1 1 1 1 1 1 1 0 1 1 1 1 1 1 1 0 1 1 1 2 1 1 2 1 1 1 1 0 0 0 1 2 1 1 1 2 0 2 0 2 2 1 2 2 1 1 2 2 2 2 1 1 1 1 1 1 0 1 0 0 1 1 2 0 2 2 2 1 0 2 1 0 1 1 0 2 2 2 0 1 2 2 2 1 0 1 1 2 2 2 2 2 0 1 1 1 1 1 1 1 1 1 1 1 0 1 1 1 1 0 1 1 1 0 1 1 1 1 1 0 1 1 1 1 1 1 
1 0 1 1 0 1 1 1 1 1 1 0 1 1 1 1 1 1 1 1 1 1 1 1 1 1 1 1 1 0 0 1 1 1 1 1 1 1 1 1 1 1 1 1 1 1 0 1 1 1 0 1 0 1 1 1 2 0 2 0 1 2 2 1 1 0 1 0 2 1 1 1 1 2 2 1 1 2 2 1 0 2 1 1 1 1 1 1 1 0 1 1 1 1 1 2 1 2 0 1 1 0 0 2 2 0 2 1 2 2 2 1 0 1 1 1 2 1 1 1 2 2 0 2 2 0 1 1 1 1 0 1 1 1 1 1 1 1 1 1 1 1 0 1 1 0 1 1 1 1 1 1 0 1 1 0 1 1 0 1 
1 1 1 1 0 1 1 1 0 1 1 1 1 1 1 1 0 1 1 1 0 1 1 1 1 1 1 1 1 1 0 0 1 1 1 1 1 0 0 1 1 1 1 1 0 0 1 1 1 1 1 1 1 1 2 2 2 1 2 1 2 2 2 2 2 2 2 2 0 2 2 0 1 1 1 2 0 1 2 0 2 2 0 2 0 1 1 1 1 1 1 1 1 1 0 1 1 1 2 0 1 2 2 2 0 1 1 0 2 2 2 2 1 0 1 1 1 1 0 0 1 1 1 1 0 1 1 0 1 1 1 1 1 1 0 1 1 1 1 1 1 0 1 0 0 1 1 0 1 1 1 1 1 1 1 1 1 1 1 1 
a a a 0 0 1 1 1 0 1 0 1 1 1 1 1 0 0 1 1 1 1 1 1 1 0 1 1 1 1 1 1 1 0 1 1 1 1 1 1 1 0 1 1 1 1 0 1 1 0 0 1 1 2 1 2 0 1 2 1 1 2 0 2 2 0 1 0 0 2 2 0 0 1 2 1 1 0 2 2 1 1 1 2 0 0 1 1 0 1 1 1 1 1 1 1 0 2 1 1 2 2 0 2 1 0 2 1 2 2 2 2 1 1 1 2 2 1 1 0 1 2 2 1 1 2 1 1 1 1 1 0 1 1 1 1 1 1 0 0 0 1 1 1 1 1 1 1 1 1 1 1 1 1 0 1 1 1 1 1 
1 1 a 1 1 0 1 1 1 0 0 1 1 1 1 1 0 1 1 1 1 1 1 1 0 0 1 1 1 1 1 1 0 1 1 1 1 0 0 1 1 1 1 0 1 1 1 1 1 0 1 1 1 1 0 1 2 2 2 2 2 1 1 2 2 1 2 2 2 2 2 0 2 1 1 0 2 2 1 2 2 0 1 1 1 1 1 1 1 1 1 1 1 1 1 0 2 0 1 0 2 0 1 2 1 1 2 0 1 2 1 2 1 2 2 1 2 2 2 1 1 2 0 0 1 2 1 1 1 0 1 0 1 1 1 1 1 0 1 1 1 1 1 1 1 1 1 0 1 1 0 0 1 1 1 0 0 1 1 1 
1 1 0 a a 1 0 1 1 0 1 1 1 1 0 1 1 0 1 1 1 0 1 0 0 0 0 1 1 0 0 1 1 1 1 1 1 1 1 1 1 1 0 1 1 0 0 1 1 1 1 0 1 1 0 0 0 2 1 1 0 2 1 0 2 2 0 1 2 1 1 2 1 1 1 0 1 2 2 1 2 1 1 2 1 0 1 1 1 1 0 1 0 1 1 1 1 2 1 1 1 0 1 2 1 2 1 1 1 1 1 1 0 2 2 1 1 2 2 1 2 0 1 0 0 1 1 1 1 1 1 1 1 1 1 1 0 0 1 1 1 1 1 0 1 0 1 1 1 1 1 1 1 1 1 1 1 1 1 1 
1 1 0 1 a 1 0 1 1 1 1 1 1 1 1 1 1 1 1 1 1 0 1 0 1 1 1 1 0 0 1 1 1 1 1 1 1 0 1 1 1 1 1 1 1 0 1 1 1 1 1 1 0 1 2 1 0 0 2 0 2 1 1 1 1 2 2 0 1 2 0 2 2 2 1 0 1 1 1 1 1 1 1 1 1 1 0 1 1 1 1 1 1 1 1 2 2 0 2 2 1 1 0 2 2 0 1 2 1 2 2 1 2 1 2 0 1 1 1 1 2 2 1 2 0 2 1 1 1 1 1 1 1 1 1 1 1 1 1 1 0 1 1 1 1 1 0 1 0 1 1 1 1 1 0 1 1 1 1 1 
1 1 1 1 a 0 1 1 1 1 1 1 1 1 1 1 1 1 1 1 1 0 1 1 1 1 1 0 1 0 1 0 0 1 0 1 1 1 1 1 0 1 0 1 0 1 1 1 1 1 1 1 1 2 2 0 2 1 2 2 1 1 2 2 2 1 1 2 2 0 0 2 2 1 2 2 1 1 2 2 2 1 0 2 1 1 1 1 1 0 1 1 1 0 1 2 0 1 1 2 2 0 1 1 1 2 1 0 0 2 2 1 2 1 1 1 1 2 0 2 2 2 1 0 1 1 0 1 1 1 1 1 1 1 1 1 1 1 1 1 1 1 1 1 1 1 0 0 1 0 1 1 1 1 1 1 1 1 1 0 
1 1 1 1 a 1 0 1 1 1 1 1 1 1 1 1 0 1 1 1 0 0 1 1 1 1 1 0 1 0 1 1 1 1 1 1 1 1 0 1 1 1 1 1 1 1 1 1 1 1 1 1 1 1 1 0 1 2 0 0 2 2 2 0 2 2 1 2 1 2 0 2 2 2 0 2 2 2 2 1 1 2 2 1 1 0 2 1 0 1 0 1 0 1 1 1 1 1 1 1 1 0 2 2 1 0 2 2 1 2 1 1 1 1 2 1 1 2 1 2 2 2 1 1 1 2 0 1 1 1 1 0 1 1 1 0 1 1 1 1 1 1 1 0 0 1 0 0 1 1 1 0 1 1 1 1 1 1 1 1 
a a 0 a a 0 1 1 1 0 1 1 1 1 1 1 1 0 1 1 1 1 1 1 1 1 1 1 1 1 1 1 1 0 1 1 0 1 1 1 1 1 0 1 0 0 0 1 0 0 1 1 1 1 0 1 2 0 1 0 2 2 2 1 1 0 2 0 2 2 2 2 0 0 2 2 2 1 2 1 0 2 0 2 2 0 1 2 1 0 1 0 1 1 1 0 2 2 2 2 2 0 0 2 0 2 2 2 2 2 0 2 0 2 2 0 2 2 1 1 1 0 1 2 1 2 1 1 0 1 0 1 0 1 1 0 1 1 1 0 1 1 1 1 1 1 1 0 1 1 0 1 1 0 1 1 1 0 0 1 
1 1 0 1 0 1 1 1 1 0 1 1 0 1 1 1 1 1 1 0 1 0 1 1 1 1 1 1 1 1 1 1 1 1 1 1 0 1 1 1 0 1 1 1 1 1 1 1 0 1 0 0 1 0 0 0 2 2 2 2 0 2 1 0 2 2 2 2 2 0 2 2 1 0 1 2 2 2 1 2 1 2 2 2 1 2 2 2 1 1 1 1 1 1 1 2 1 1 2 2 2 1 1 1 2 0 1 2 1 0 2 2 2 2 1 0 2 1 2 0 1 2 2 2 2 2 1 1 1 0 1 1 1 0 1 1 1 1 1 1 1 1 1 1 1 1 1 1 1 1 1 1 1 1 1 1 1 1 1 1 
0 1 0 1 1 0 1 1 1 1 1 1 0 1 1 1 1 1 0 1 1 1 1 0 1 1 1 1 0 1 1 1 1 1 1 1 1 1 0 0 1 1 1 1 1 1 0 1 1 1 1 1 0 2 2 1 1 2 2 2 2 2 2 2 1 2 0 2 0 2 2 2 2 1 0 2 2 0 2 2 2 1 2 0 2 2 0 1 0 1 1 1 1 1 1 2 0 2 1 2 2 1 1 2 1 1 1 0 2 0 2 1 2 2 0 0 2 2 2 2 2 1 0 1 1 2 1 1 1 1 1 1 1 1 1 1 1 0 1 1 1 0 1 1 1 0 1 1 1 1 1 1 1 0 1 1 1 1 1 1 
1 1 1 1 0 1 1 1 1 0 0 1 1 1 1 1 1 1 1 1 1 1 0 1 1 1 1 1 1 1 1 0 1 1 1 1 1 1 0 1 1 1 1 1 1 1 1 1 1 1 0 1 1 1 0 2 2 2 2 1 2 2 2 2 2 0 2 2 1 2 2 2 2 2 2 0 2 2 2 0 2 1 2 0 2 2 2 1 0 0 1 1 0 1 1 2 1 2 2 2 2 1 1 0 1 2 1 0 1 0 1 1 1 2 2 1 1 1 0 0 1 1 2 0 2 0 0 1 1 1 1 1 1 1 1 1 1 1 1 1 1 0 0 1 1 0 1 0 1 1 1 1 1 1 1 1 1 1 1 0 
1 1 1 1 1 0 1 1 1 1 1 1 1 1 1 1 1 1 1 0 1 1 1 1 1 1 0 1 1 1 1 1 0 1 0 0 1 1 1 1 1 0 1 0 1 1 1 1 1 1 1 1 1 2 0 0 1 2 1 1 2 2 1 1 2 2 0 1 2 1 2 2 2 0 2 2 2 0 1 2 2 2 1 2 1 2 2 2 0 1 1 0 1 1 1 2 2 2 2 2 1 0 1 1 1 1 1 2 1 2 1 2 0 1 0 1 2 1 0 1 2 1 2 1 2 1 1 1 1 1 1 1 1 1 0 1 1 1 0 0 1 1 1 1 1 0 1 1 1 1 1 1 1 0 1 1 1 1 1 0 
1 1 1 1 1 1 1 1 1 1 1 1 1 1 1 1 1 1 1 0 1 0 1 1 1 1 1 1 1 1 0 1 1 1 1 0 1 0 1 1 0 1 1 1 1 1 1 1 1 1 0 1 1 1 0 1 2 2 1 2 2 2 2 2 2 0 0 2 0 1 0 2 2 2 0 0 2 2 1 2 2 2 2 2 1 2 2 0 0 1 1 1 1 1 1 0 2 2 1 0 0 2 1 1 2 1 2 1 2 2 1 1 2 2 0 1 2 2 0 1 0 1 2 1 2 1 1 1 1 1 0 1 1 0 1 1 0 1 1 1 0 1 1 1 1 1 0 1 1 1 1 1 0 1 1 1 1 1 1 1 
1 1 0 1 1 1 1 0 1 1 1 1 0 1 1 1 1 1 0 0 1 1 1 0 0 0 1 1 0 1 0 1 0 1 1 1 1 1 1 1 1 1 1 1 1 1 0 1 1 1 1 1 1 1 2 0 2 2 2 1 0 2 0 1 2 0 2 2 1 2 2 2 1 2 2 2 0 2 2 2 1 0 2 2 2 1 0 1 1 1 1 1 1 0 1 1 2 1 2 1 2 2 0 1 2 2 2 2 2 1 1 0 0 1 0 2 1 1 2 2 2 0 1 1 1 1 1 1 1 1 1 1 1 1 0 0 1 1 1 1 1 1 1 1 0 1 1 1 1 1 1 0 0 1 1 1 1 1 0 1 
0 1 1 1 1 1 0 1 1 1 1 1 1 0 0 0 1 1 1 1 1 1 0 1 0 1 1 1 1 1 1 0 1 1 1 1 0 1 1 1 1 0 1 1 0 1 0 1 1 0 1 1 0 2 2 1 0 2 2 2 1 1 2 2 2 2 1 2 2 2 1 1 2 2 2 2 0 0 2 2 0 2 2 0 2 1 1 2 1 1 1 1 1 1 1 2 1 0 0 1 2 1 1 0 2 1 0 1 1 1 2 1 1 0 1 1 1 1 2 2 1 1 2 0 2 1 0 1 1 1 1 1 1 1 1 1 1 1 1 1 1 1 1 1 1 1 1 1 1 1 1 1 1 1 1 1 0 1 1 0 
1 1 1 1 1 1 1 1 1 1 1 1 1 1 0 1 1 0 1 1 1 1 1 0 1 1 1 0 0 1 1 1 1 1 0 1 0 0 1 1 1 0 1 1 1 1 0 1 1 1 1 0 1 2 1 0 1 2 2 2 2 2 2 0 1 2 2 2 1 1 2 2 2 2 1 1 2 2 1 1 1 0 0 2 1 0 1 1 1 1 1 1 1 1 1 2 1 0 1 1 0 1 1 1 0 2 0 1 2 2 2 1 2 2 2 0 2 0 2 2 1 1 2 1 2 2 1 1 1 1 1 1 1 1 1 1 1 0 1 1 1 1 1 1 1 0 1 0 0 1 1 1 1 1 0 1 1 1 1 1 
1 0 1 0 1 1 0 1 1 1 1 1 1 1 1 1 1 1 1 1 1 1 1 1 1 1 1 0 1 1 1 1 1 1 1 1 1 1 1 1 0 1 1 1 1 1 1 1 1 1 1 1 1 1 0 0 0 1 2 2 2 0 2 0 1 1 0 2 0 0 2 0 2 2 1 2 0 2 0 1 1 1 0 2 2 1 1 1 1 1 1 1 1 1 1 2 1 0 1 1 2 1 1 1 0 2 2 1 0 2 2 1 0 0 2 1 1 1 1 2 2 0 2 1 2 2 0 1 1 1 1 1 1 1 1 1 1 1 1 1 1 1 0 1 1 1 1 1 1 1 1 1 1 1 0 1 0 0 1 1 
1 1 1 1 1 1 1 0 1 1 1 1 1 1 1 1 1 1 0 1 1 1 1 1 1 1 1 1 1 1 0 1 1 1 1 0 1 1 1 0 1 1 1 0 1 0 1 1 1 1 1 1 1 1 0 2 1 0 0 0 0 1 1 0 2 2 0 0 1 2 0 1 2 1 1 1 2 2 2 1 2 0 2 2 0 2 0 2 0 1 1 0 1 1 0 2 2 1 0 0 1 1 1 1 1 1 2 1 1 2 0 1 1 1 2 1 1 2 1 2 2 2 2 2 2 2 1 1 1 1 1 1 0 1 0 1 1 0 0 0 1 1 1 0 1 1 1 1 1 1 1 0 1 1 1 1 1 1 1 1 
1 1 1 1 0 1 1 1 1 1 1 1 1 0 1 1 0 1 1 1 1 1 1 1 1 1 1 1 1 1 1 0 1 1 1 1 1 1 1 1 1 0 1 1 1 1 1 1 1 1 1 0 1 2 1 2 2 2 2 2 2 2 2 2 1 2 2 2 2 2 1 2 2 1 2 0 0 1 2 2 2 0 0 0 1 2 1 2 0 1 1 1 1 1 1 2 2 1 1 1 2 1 1 0 2 1 1 1 0 1 1 2 2 2 1 2 1 1 1 1 2 1 2 2 1 1 0 1 1 1 1 1 1 1 1 1 1 1 1 1 1 1 1 1 1 0 0 1 1 1 1 0 1 1 1 1 1 1 0 1 
2 1 1 2 2 2 2 2 0 1 1 2 2 1 1 1 2 1 2 0 0 2 2 2 0 1 1 0 1 1 1 1 1 1 1 1 1 1 0 1 0 1 1 0 0 1 1 1 1 1 1 1 0 2 2 2 2 1 2 2 2 2 2 0 0 1 1 2 0 2 2 2 2 2 2 2 2 2 2 2 0 1 0 1 2 1 1 2 2 2 1 2 2 1 2 2 2 1 2 0 2 0 2 0 0 0 1 2 0 2 1 2 0 2 1 2 1 1 1 2 0 1 2 1 2 1 1 1 1 1 1 1 1 0 1 1 1 1 0 1 1 1 1 1 1 1 1 1 1 1 1 1 0 1 0 1 1 1 0 1 
0 1 2 2 1 1 0 2 1 1 1 2 1 2 1 1 0 2 1 1 0 1 1 0 1 1 0 1 1 1 1 1 1 1 1 1 1 0 1 1 1 1 1 1 1 1 0 1 1 0 1 1 1 2 1 0 2 2 1 0 0 1 0 2 2 0 2 2 2 2 2 2 2 2 2 2 2 2 1 2 2 2 2 2 2 0 2 2 2 0 0 1 2 0 2 1 2 2 2 2 2 2 2 1 0 2 2 2 2 0 1 0 2 2 1 2 2 1 1 1 2 1 0 1 1 1 1 0 1 1 1 1 0 1 1 1 1 1 1 1 1 1 1 0 0 1 1 1 0 0 1 0 1 0 1 1 1 1 1 0 
1 2 2 2 1 2 1 1 2 1 1 2 2 2 2 2 2 2 2 1 1 1 1 1 1 1 1 1 0 1 1 1 0 1 1 0 0 0 1 1 1 1 1 1 1 1 1 1 0 0 1 0 1 0 0 2 0 2 1 2 0 2 2 2 2 2 1 2 2 1 1 2 1 1 2 2 0 2 2 2 2 1 0 1 2 2 2 1 2 2 1 2 1 2 2 0 2 2 1 2 1 1 0 1 2 2 0 1 2 2 2 2 2 2 2 2 2 1 0 0 0 1 1 0 2 1 1 1 0 1 1 1 1 1 1 1 1 1 0 1 1 0 1 1 1 1 0 0 1 1 1 1 1 1 1 0 1 1 1 1 
1 1 2 2 1 0 2 1 1 0 0 2 2 1 1 1 1 1 1 2 2 0 0 2 1 1 1 1 1 1 1 1 1 1 1 1 0 1 1 1 1 1 1 1 1 1 1 1 1 1 1 1 1 2 2 2 1 2 2 2 0 2 2 0 2 0 1 0 2 2 1 2 2 1 0 1 2 2 0 2 1 2 0 2 1 2 2 2 2 1 2 1 1 2 1 2 1 2 2 2 2 2 2 0 2 2 1 0 1 0 2 2 2 0 1 2 2 1 2 0 0 2 1 1 1 2 1 1 1 0 1 1 1 1 1 1 1 1 1 1 1 1 1 1 1 1 1 1 1 1 1 1 1 1 1 1 1 1 0 1 
1 1 0 1 0 2 1 2 1 2 2 1 1 1 2 2 2 2 1 2 2 2 1 2 1 1 1 1 1 1 0 1 0 1 1 1 1 1 0 1 0 1 1 1 1 1 1 1 1 0 1 1 1 1 2 1 1 1 0 0 0 1 0 0 2 2 2 1 2 2 2 2 1 1 2 1 2 1 1 2 1 2 1 2 2 0 0 2 1 2 1 2 2 1 0 2 2 1 2 2 2 2 1 1 2 0 2 2 2 2 2 1 2 1 1 1 2 1 0 2 1 2 1 2 1 2 1 1 1 0 1 1 1 1 1 1 1 1 1 1 1 1 1 1 1 1 1 1 1 1 1 0 1 0 1 1 0 1 1 1 
2 1 1 1 2 0 0 2 0 2 1 0 2 2 1 2 0 2 1 0 2 2 1 2 1 1 1 1 1 1 1 1 1 1 1 1 0 1 1 1 1 1 1 1 1 1 1 1 0 1 1 1 1 1 1 0 1 0 2 2 2 2 2 1 2 2 0 2 1 1 2 1 2 0 2 0 1 2 2 1 2 1 2 2 2 2 2 2 1 2 2 1 1 2 2 1 2 2 2 2 2 2 2 0 1 2 1 0 0 0 2 1 1 0 1 1 1 0 1 0 1 1 1 1 1 1 1 1 1 0 1 1 1 1 1 1 1 1 1 0 1 1 1 1 1 1 0 1 1 1 1 1 1 1 1 1 1 1 1 1 
2 0 2 2 1 0 1 0 2 1 1 0 1 0 0 1 2 1 0 2 2 2 2 1 0 1 1 1 0 1 1 1 1 1 0 1 0 1 0 1 1 1 1 1 1 1 1 1 1 1 1 1 1 2 1 0 0 2 1 0 2 2 0 2 2 1 0 2 2 1 1 2 1 2 2 1 2 0 1 2 1 1 0 2 2 2 2 1 1 1 2 0 2 2 2 1 2 1 2 1 0 1 1 2 2 1 1 0 2 2 2 0 1 1 0 1 0 1 1 0 1 1 1 1 1 1 1 1 1 0 1 1 1 1 1 1 1 1 1 1 0 1 1 0 1 1 1 1 1 1 1 0 1 1 1 1 0 1 1 1 
1 0 1 0 1 2 1 0 2 1 1 1 2 1 0 0 1 2 2 2 2 0 0 2 1 1 1 1 0 1 1 0 1 1 1 0 1 1 1 1 0 1 0 1 1 1 1 1 1 0 1 0 1 1 1 1 1 1 0 0 0 1 2 2 2 2 2 1 1 1 1 2 1 0 1 2 2 1 2 2 0 2 0 2 1 2 2 1 1 2 1 1 2 0 2 1 2 0 0 1 1 2 1 2 2 2 1 2 1 0 1 2 1 1 1 1 1 1 1 1 1 0 1 0 1 1 1 1 1 0 1 1 1 1 1 1 1 1 1 1 1 1 1 0 1 1 0 1 0 1 1 1 0 1 1 1 1 1 1 1 
2 1 2 0 1 1 0 0 1 1 2 1 2 1 2 0 2 2 1 2 1 1 2 1 0 0 1 1 1 1 1 0 1 1 1 0 0 1 1 0 1 1 0 0 1 1 1 1 1 1 1 0 1 1 1 1 1 0 2 1 1 2 1 0 0 1 2 1 0 2 0 1 2 2 0 1 2 0 0 0 0 1 2 2 2 1 2 2 0 1 1 2 1 2 1 1 2 1 2 1 2 0 2 2 1 0 1 2 1 1 1 0 1 0 1 0 0 1 1 0 1 0 1 1 1 1 1 0 1 1 1 1 1 1 0 1 0 1 1 1 0 0 0 1 1 1 0 1 1 1 1 1 1 1 1 1 1 0 1 1 
2 1 0 1 0 1 2 2 1 2 1 2 1 1 1 1 0 1 1 1 1 1 1 1 1 0 1 1 1 1 0 1 1 1 1 1 1 1 0 1 1 1 1 1 1 1 1 1 1 1 0 1 1 0 0 1 1 2 1 2 1 0 2 0 2 1 1 0 2 0 1 2 2 2 0 1 1 1 2 1 0 1 1 2 1 2 2 2 2 0 2 1 0 1 2 1 2 2 0 0 2 0 2 1 2 2 2 1 1 0 1 0 1 1 1 0 1 1 1 0 1 1 1 1 1 1 0 1 1 1 1 1 1 1 1 1 1 1 0 1 1 0 1 1 1 1 1 0 1 1 1 1 1 0 1 1 1 1 1 1 
1 1 0 1 0 2 1 1 0 1 2 1 2 2 1 1 1 2 0 2 0 2 1 1 1 1 1 1 0 1 1 1 1 1 1 1 1 0 1 1 1 1 1 1 1 1 1 1 1 1 0 1 1 0 1 0 1 2 1 2 1 1 1 1 1 1 2 2 0 1 0 0 0 2 1 0 2 1 2 1 0 1 1 1 2 0 0 2 2 1 2 0 1 2 0 1 2 1 2 0 2 1 2 2 1 2 2 0 1 2 1 2 2 0 1 1 1 1 1 1 1 1 1 0 1 1 0 0 0 1 1 1 1 1 0 1 1 1 1 1 1 0 1 1 1 1 1 1 0 0 1 1 1 1 1 1 1 1 1 0 
1 2 2 0 1 2 2 1 1 1 2 2 1 2 2 1 1 2 2 1 2 0 2 1 1 1 1 1 1 0 1 1 1 1 1 1 0 1 1 1 1 1 0 1 1 1 0 1 0 1 1 1 1 1 1 1 1 2 2 0 1 2 2 2 1 0 1 0 2 1 0 2 0 2 1 0 2 1 2 2 2 1 2 2 1 2 2 0 1 1 2 0 0 2 1 0 1 2 2 1 1 0 0 1 0 0 1 2 0 2 1 1 2 1 1 1 1 1 1 1 1 0 1 1 1 1 1 0 1 1 1 1 1 0 1 1 1 0 0 1 1 1 1 1 1 0 1 1 0 1 1 1 1 1 0 1 1 1 1 1 
2 0 1 0 0 1 2 2 2 2 2 1 0 2 2 2 1 2 0 1 1 1 1 2 1 0 1 1 1 0 1 1 1 0 1 1 1 1 1 1 1 0 1 1 1 1 1 1 1 1 1 1 1 1 1 1 0 2 2 2 2 0 0 0 2 2 1 1 2 2 0 2 1 1 2 2 2 2 2 1 1 2 0 1 0 2 2 1 2 1 2 1 2 0 0 2 0 1 1 1 2 1 1 2 2 2 1 0 1 0 0 1 1 1 1 1 1 1 1 1 1 0 1 1 1 1 1 0 0 0 1 1 0 1 0 1 1 1 1 1 0 1 1 1 1 1 0 1 0 1 0 1 1 1 1 1 1 1 0 0 
2 1 1 1 1 1 0 1 0 2 2 1 2 0 2 1 2 1 2 1 2 2 0 1 1 0 1 0 1 1 1 1 1 1 1 1 0 0 1 1 1 1 1 1 1 1 0 0 1 1 1 1 1 1 1 1 1 1 1 1 0 2 2 0 0 2 2 1 1 0 2 2 0 2 1 2 2 2 1 0 2 2 1 2 2 1 2 2 0 1 1 1 1 2 1 2 1 2 0 1 1 1 1 1 2 2 2 1 1 0 2 2 0 1 0 0 0 1 1 1 1 1 1 1 1 1 1 1 1 1 1 1 1 1 1 1 1 1 0 1 1 1 1 1 1 1 0 0 1 1 1 1 1 1 1 1 1 1 1 1 
1 0 2 2 2 2 0 2 2 2 2 0 1 2 2 2 1 2 1 0 1 2 2 2 1 1 1 1 1 1 1 1 1 1 1 1 1 1 0 1 1 0 1 1 0 1 0 1 1 1 1 1 1 0 1 1 1 1 1 2 2 2 1 2 2 0 0 1 0 0 2 2 2 1 2 2 1 1 1 1 2 2 2 1 2 2 2 2 1 2 1 2 2 2 0 1 2 2 2 2 1 0 1 0 2 2 0 0 0 2 2 0 2 1 1 1 1 1 1 1 1 1 1 1 0 1 0 1 1 1 0 0 1 1 0 1 1 1 1 1 1 1 1 1 1 1 1 1 1 0 1 1 0 1 1 1 1 1 1 0 
1 2 0 0 0 2 2 1 1 1 0 0 2 2 2 1 1 0 1 1 0 1 2 2 1 1 1 1 1 1 0 0 1 0 1 0 1 1 1 1 1 1 1 1 1 1 1 0 1 1 1 1 1 1 0 1 1 0 0 2 2 0 0 1 1 1 2 1 2 2 1 1 2 2 1 1 0 1 2 1 2 1 2 1 2 1 2 2 2 1 2 2 2 2 1 2 0 0 1 1 0 2 2 2 2 2 1 0 2 2 2 1 0 1 1 1 1 1 1 0 1 1 1 1 1 1 1 1 1 1 1 1 1 1 0 1 0 1 1 1 1 1 0 1 1 1 0 1 0 0 0 1 1 1 0 1 1 1 1 1 
2 2 2 1 1 2 0 0 2 1 2 2 0 1 1 0 1 0 2 1 2 2 0 1 1 1 0 0 1 1 1 1 1 1 1 0 1 1 1 1 1 1 1 1 1 0 1 1 1 0 1 0 1 0 1 1 1 1 2 2 1 2 0 2 1 0 2 1 1 2 2 2 1 1 2 0 2 0 2 0 1 1 2 1 0 2 2 2 0 1 1 1 1 1 0 1 2 2 1 2 1 1 1 2 1 0 2 0 1 2 1 1 1 1 0 1 1 1 1 1 1 1 1 1 1 1 1 1 0 0 1 1 1 1 1 1 1 0 1 1 1 1 1 1 0 1 1 1 1 1 0 1 1 0 1 1 0 1 1 1 
0 1 2 2 1 1 1 2 2 2 2 1 1 2 2 1 2 0 2 0 0 2 2 2 0 1 1 1 1 0 1 1 1 1 1 1 1 1 1 1 0 1 1 1 1 1 1 1 1 0 1 1 1 1 1 1 1 2 2 1 2 2 2 2 1 2 0 2 1 2 1 2 1 2 1 2 0 2 0 0 1 0 2 0 2 2 2 2 2 0 1 1 2 1 2 2 1 2 2 1 2 1 0 1 2 2 2 1 2 0 1 2 0 1 1 1 1 1 0 1 1 0 1 1 1 1 0 1 1 0 1 1 1 1 1 0 1 1 1 1 1 0 1 0 1 1 1 1 0 1 0 0 1 1 1 1 0 1 0 1 
1 1 2 2 1 2 1 2 2 2 1 2 1 1 0 2 2 2 1 0 1 2 2 1 0 1 1 1 1 1 1 1 1 1 0 1 0 1 1 1 1 1 0 1 1 1 1 1 0 1 1 1 1 1 1 1 1 1 1 1 0 0 1 1 1 0 1 1 1 0 1 0 1 0 0 1 1 1 1 1 1 1 1 2 2 1 0 1 1 1 1 2 1 2 0 0 1 1 2 1 2 1 2 2 1 0 2 2 1 0 2 0 0 1 1 1 1 1 1 1 0 1 1 1 1 1 1 1 1 0 1 1 1 1 1 1 0 1 1 0 1 1 1 0 0 1 1 1 1 1 1 1 1 0 1 0 1 1 1 1 
2 2 2 2 1 1 1 2 1 2 1 1 1 1 2 2 2 2 0 1 1 1 1 1 1 1 1 1 1 0 1 1 1 1 1 1 0 0 1 1 1 0 1 0 1 1 1 1 1 1 0 1 1 1 1 0 1 1 0 1 1 1 1 1 1 0 1 1 1 0 1 1 0 1 0 1 1 0 1 0 1 0 1 0 1 2 1 1 1 2 1 2 0 2 2 1 1 2 0 2 2 1 0 1 2 1 1 1 1 0 2 2 2 1 0 1 0 1 1 1 1 0 1 1 1 1 1 0 0 1 1 1 0 1 1 1 0 0 1 1 1 1 1 1 1 1 0 1 1 1 1 1 0 0 1 1 1 1 0 1 
1 0 1 1 2 2 2 2 2 2 0 2 1 1 0 2 1 2 1 1 0 2 2 2 1 1 0 1 1 0 0 0 0 0 1 1 0 1 1 1 1 1 1 1 1 1 1 1 1 1 1 1 1 1 1 1 1 1 1 1 0 1 1 1 1 1 1 1 1 1 1 1 1 1 1 1 1 1 1 0 0 1 0 2 2 2 2 2 1 0 0 1 2 2 2 0 2 2 0 2 1 2 1 1 2 2 2 0 0 0 1 2 2 1 1 1 2 2 2 0 0 0 1 1 2 2 2 1 2 2 1 1 1 2 2 2 2 1 2 2 2 2 0 1 2 1 0 1 1 0 1 1 1 1 0 1 1 1 1 1 
0 2 1 2 1 2 0 2 1 1 1 1 1 2 1 0 2 2 1 1 0 2 1 1 0 1 1 1 0 1 1 1 1 1 1 1 1 1 1 1 0 0 1 1 1 1 0 1 1 1 0 1 1 1 1 1 0 1 1 1 1 0 1 1 0 1 0 1 1 1 0 1 1 1 1 1 1 1 1 1 1 1 2 0 2 2 2 2 0 1 2 1 2 2 1 0 0 1 0 1 2 1 1 2 2 0 0 2 2 1 2 1 1 1 1 0 1 1 0 2 1 1 0 2 1 2 2 0 0 2 1 1 2 1 1 1 2 2 0 1 2 2 2 1 2 0 1 1 1 1 1 0 0 1 1 1 0 1 1 0 
1 2 2 2 2 2 0 2 0 0 0 0 1 2 0 0 0 2 2 1 0 2 1 1 1 1 1 1 1 0 1 1 1 1 1 1 1 1 1 1 1 1 1 1 1 1 1 1 2 2 1 1 1 1 1 0 2 1 1 2 1 0 1 1 0 1 2 1 0 1 2 1 0 2 1 1 0 2 2 1 1 0 2 0 2 1 1 1 1 2 1 0 0 2 2 2 1 0 2 1 2 1 1 1 1 2 1 1 1 1 1 2 1 1 0 2 1 1 1 1 2 0 0 2 2 0 2 2 2 2 2 1 1 0 2 0 2 1 1 0 2 1 0 1 1 2 0 1 1 0 1 1 1 1 1 0 1 1 1 1 
1 2 2 1 2 0 1 1 0 2 1 2 1 2 2 2 2 1 0 2 1 2 0 1 1 1 1 1 1 1 1 1 1 1 1 1 1 1 0 0 1 1 1 1 0 0 1 1 2 0 2 1 2 2 2 1 2 2 2 2 0 0 1 2 0 2 1 1 2 1 2 1 2 1 1 1 1 2 2 1 1 1 0 2 1 1 1 1 0 1 1 2 1 1 0 1 1 1 1 2 0 2 0 1 0 2 2 0 2 1 1 1 2 0 1 2 1 2 2 2 0 2 0 1 1 2 0 1 1 2 0 2 1 1 0 1 2 1 0 1 1 2 2 2 2 2 1 1 1 1 1 1 1 1 1 1 1 1 1 1 
2 1 2 0 0 2 0 0 0 2 1 2 1 2 1 2 1 0 1 2 2 1 2 2 1 1 1 1 1 1 0 1 0 1 1 1 0 1 1 1 1 1 1 1 0 1 1 1 2 0 1 1 2 1 2 1 2 1 2 0 1 1 1 1 2 1 0 1 1 1 1 0 2 2 0 0 1 1 2 1 1 1 2 1 2 2 1 2 2 0 1 2 0 2 1 2 2 2 1 1 2 2 1 1 2 2 2 0 1 0 1 0 2 0 1 0 2 2 2 2 1 0 1 0 0 2 1 2 0 0 1 0 0 0 1 2 2 0 1 2 1 2 2 1 1 2 1 1 0 1 1 1 1 1 0 1 1 1 1 0 
0 1 1 1 2 2 2 2 0 1 1 1 2 2 2 2 1 1 1 2 1 0 2 2 1 0 1 1 0 1 0 1 1 1 1 1 1 1 0 0 1 1 1 1 0 1 1 1 1 1 1 1 2 1 1 2 2 1 2 0 0 1 1 0 0 2 2 1 2 1 1 1 2 2 0 2 2 1 1 0 1 1 1 2 1 0 2 2 1 1 1 1 1 2 2 0 1 2 1 0 1 2 2 2 1 2 2 0 0 2 2 0 2 1 1 1 1 1 2 1 0 1 0 2 0 2 2 2 2 1 1 2 1 1 1 1 2 2 0 0 1 0 1 2 2 1 1 1 1 1 1 1 1 1 1 1 0 1 1 0 
1 2 0 1 2 1 1 0 2 0 1 1 2 2 2 1 1 1 1 1 0 2 0 2 1 1 1 1 1 1 0 1 1 1 1 1 1 1 1 1 1 0 0 1 1 1 1 1 0 2 2 0 0 2 1 1 2 1 0 2 1 1 1 1 1 2 2 1 1 1 2 1 1 2 1 0 2 2 2 1 1 1 0 0 2 1 0 1 2 2 2 1 1 0 1 2 0 1 2 2 0 0 2 1 1 1 2 0 1 2 1 2 2 1 1 1 2 2 0 1 1 1 1 1 2 2 2 2 1 2 1 2 1 1 1 1 0 2 2 1 2 1 1 1 1 1 1 1 1 1 0 1 1 1 1 1 1 0 1 1 
1 1 1 0 1 1 2 2 1 1 1 2 2 0 2 2 1 1 2 2 1 1 2 0 1 0 1 0 1 1 1 1 1 1 0 1 1 1 1 1 0 1 1 1 0 1 0 1 2 2 1 1 2 1 0 1 1 1 0 1 1 0 2 1 2 2 2 2 2 1 2 1 2 1 1 0 2 2 2 1 1 1 2 1 1 1 1 0 2 1 1 1 0 1 2 0 2 1 2 1 2 1 2 2 1 2 0 2 1 2 2 1 2 1 1 2 2 1 1 2 1 1 0 1 2 2 1 2 2 2 2 0 2 0 1 0 1 1 2 1 0 1 0 2 1 2 1 1 1 1 1 1 1 1 1 1 1 1 0 1 
1 2 2 2 1 0 0 1 0 2 2 1 2 1 2 0 2 1 1 1 0 2 1 2 1 1 1 1 1 1 1 1 1 1 1 1 1 0 1 1 0 1 1 0 1 0 1 1 1 1 0 2 0 2 2 2 1 1 1 2 1 1 1 2 2 1 2 1 0 1 1 1 0 2 0 0 0 1 1 0 0 1 1 1 0 2 1 1 1 2 2 1 2 1 2 1 2 0 2 1 0 1 2 2 2 0 2 2 2 2 1 2 1 0 0 2 0 2 1 0 0 2 2 0 2 2 1 2 0 0 2 1 2 2 1 1 1 0 1 2 0 2 2 1 1 1 1 1 1 1 1 1 1 0 1 1 0 1 1 1 
0 1 1 0 2 1 2 0 1 0 0 2 0 0 2 0 0 0 2 2 2 2 2 2 0 1 1 1 1 1 1 0 1 1 0 1 0 1 0 1 1 1 1 1 0 0 1 1 1 2 0 0 2 1 1 1 2 1 2 2 2 1 2 2 1 2 2 2 2 1 1 2 2 2 2 1 1 2 1 0 1 1 1 2 1 0 0 1 1 2 1 1 0 2 2 1 2 1 0 0 0 1 0 2 1 1 1 1 0 2 1 2 2 0 1 1 1 2 1 1 1 1 2 2 2 1 2 1 1 2 2 2 2 2 2 0 1 1 0 2 1 0 2 1 1 2 1 1 1 1 0 1 1 0 0 1 1 0 1 1 
0 2 1 2 1 2 1 2 2 0 0 2 1 0 2 2 0 0 1 1 2 1 2 0 1 1 1 1 1 1 1 1 1 1 1 1 1 1 1 1 1 1 1 1 0 1 1 1 2 0 2 1 2 1 1 2 2 1 2 2 2 1 2 1 2 0 2 1 1 1 1 1 2 2 1 0 2 1 2 1 1 1 1 1 1 2 0 2 1 1 2 0 2 2 2 1 0 1 0 2 2 1 1 2 1 0 2 2 1 2 2 0 1 1 1 2 2 0 1 2 2 1 2 1 0 0 1 1 2 0 0 0 0 1 2 1 2 0 1 1 2 2 1 1 1 2 0 1 1 0 1 1 1 1 1 0 0 1 1 1 
0 1 1 0 1 1 1 1 1 1 1 1 0 1 1 0 1 1 1 1 1 0 1 1 0 1 1 0 1 1 0 1 1 1 1 1 1 1 1 1 1 1 1 1 1 1 1 1 2 2 2 1 2 2 2 1 2 2 2 2 2 1 0 2 1 1 1 2 1 2 1 0 1 0 1 2 1 1 2 1 0 1 1 1 0 1 1 1 1 1 1 0 1 1 1 1 1 1 1 0 0 1 1 0 1 1 1 1 1 1 1 1 1 1 1 1 1 0 2 1 2 0 2 2 1 2 2 2 2 1 1 1 1 2 1 1 1 0 2 2 2 1 1 0 2 1 1 1 1 1 1 1 1 1 1 1 1 1 1 1 
1 1 1 1 1 1 1 1 0 1 1 1 1 1 1 1 1 1 1 1 1 1 0 1 1 1 1 1 1 1 1 0 1 1 1 0 1 1 0 1 0 1 1 1 0 1 1 0 1 1 2 2 2 1 2 2 2 2 0 0 2 0 1 1 1 2 1 0 2 0 2 2 1 1 1 2 1 2 0 1 1 0 1 1 1 1 1 1 1 0 0 1 0 1 1 1 0 1 1 1 0 1 1 0 1 1 1 1 1 1 0 1 1 0 1 1 1 2 0 1 1 1 0 2 0 1 1 2 2 2 2 1 2 0 0 2 1 1 2 2 2 2 1 0 1 2 0 1 0 0 0 1 1 1 1 0 1 1 1 1 
1 1 1 1 0 1 1 0 1 1 1 0 1 1 1 1 1 1 1 1 1 1 1 1 1 1 1 1 1 1 1 1 1 1 1 1 0 0 1 1 1 1 1 1 1 1 0 0 2 1 1 0 1 2 0 1 2 0 0 1 2 1 2 2 1 2 1 1 0 1 1 0 2 1 1 1 1 1 2 1 1 1 0 1 1 0 1 1 1 0 1 1 1 1 1 1 1 0 1 1 1 1 1 0 1 1 1 0 0 0 1 0 1 1 1 1 1 1 2 2 2 1 0 2 1 0 2 1 1 2 1 2 1 2 1 1 0 1 1 1 1 2 1 0 0 0 1 0 1 1 1 1 1 0 1 1 1 1 1 1 
1 1 1 1 1 1 1 1 0 1 1 1 1 1 1 0 1 1 1 1 1 1 1 1 1 1 1 0 1 1 1 0 1 0 1 1 1 1 0 1 1 1 1 1 1 1 1 1 1 2 1 2 2 1 1 1 2 0 0 2 0 0 2 2 1 0 1 1 1 1 0 2 0 1 2 1 1 1 0 1 1 1 1 0 1 1 1 1 0 1 1 1 0 0 0 0 1 0 1 1 1 1 1 0 1 0 1 0 1 1 1 1 1 1 0 2 2 2 2 0 0 2 1 2 2 2 0 2 2 2 0 2 2 2 2 2 2 0 2 1 2 0 0 2 1 1 1 1 1 1 1 0 1 0 1 0 1 1 0 1 
1 1 1 1 1 1 1 1 1 1 1 0 0 1 1 1 1 1 1 1 0 1 1 1 1 1 1 1 0 1 0 1 1 1 0 1 1 0 1 1 1 1 1 1 1 1 1 0 1 1 2 2 1 2 0 2 2 0 0 2 2 2 1 2 1 2 2 0 2 2 1 2 1 1 2 2 2 2 1 1 1 1 1 1 1 1 1 1 1 1 1 0 0 1 1 1 1 1 1 1 1 1 1 1 1 0 1 1 1 1 1 1 1 1 1 2 2 1 2 1 2 0 2 0 0 1 1 2 1 2 2 0 1 1 2 2 1 1 2 1 1 2 0 2 1 1 1 1 0 1 1 1 1 1 1 1 1 1 1 1 
1 1 1 1 0 1 1 1 1 1 1 0 1 1 0 0 1 0 1 1 0 1 1 1 1 1 0 1 1 0 1 1 1 0 1 1 1 1 1 1 1 1 0 1 1 1 1 1 2 2 0 1 1 2 1 1 2 2 2 2 0 2 2 2 1 2 2 2 2 2 2 2 2 2 2 1 0 2 2 1 1 0 0 0 1 1 1 1 1 0 1 0 1 1 0 1 1 1 1 1 1 1 1 1 1 1 1 1 0 1 1 1 1 1 0 1 1 1 2 2 2 2 0 1 1 0 1 1 0 1 2 2 2 1 1 2 2 1 0 2 0 2 0 0 0 2 1 1 1 1 0 0 1 1 1 1 1 1 0 1 
1 1 1 1 1 0 0 1 0 1 1 1 1 1 1 1 1 1 1 0 1 1 0 1 1 1 1 1 1 1 1 1 1 1 1 0 1 1 1 1 1 1 0 0 1 1 1 0 0 0 0 1 2 1 2 0 1 1 0 2 2 2 0 2 0 0 1 1 1 0 1 2 1 2 1 1 2 1 2 1 0 1 1 1 0 1 0 1 1 1 1 1 1 0 1 1 1 1 0 1 1 1 0 1 1 0 1 1 1 0 1 1 1 1 1 1 2 1 2 2 1 0 2 0 2 2 1 2 0 2 2 2 1 2 2 1 0 2 0 1 2 1 1 1 2 1 1 1 1 1 1 1 1 1 1 1 1 1 1 1 
1 0 1 1 1 1 1 1 1 1 0 1 0 1 1 0 1 1 1 1 0 0 1 1 1 1 1 1 1 1 0 1 1 1 1 1 1 1 1 1 1 0 1 1 1 1 1 1 0 1 0 0 1 2 1 0 1 2 1 2 1 1 2 1 1 2 0 2 1 2 2 1 2 0 1 2 2 0 0 0 1 1 1 1 1 1 1 1 1 1 1 1 1 1 1 1 0 1 1 1 0 0 1 0 0 1 1 1 1 1 1 1 1 1 0 2 2 2 1 1 1 0 1 1 0 1 1 2 1 2 2 2 0 2 2 0 2 2 2 2 1 2 1 2 0 2 1 1 1 0 1 1 1 1 1 1 0 1 1 1 
1 1 0 1 1 1 0 1 1 1 1 1 1 0 0 1 1 0 0 1 1 0 0 1 1 1 1 1 1 1 1 1 0 1 0 1 1 1 1 1 1 1 1 1 1 1 1 1 2 1 2 2 0 2 1 1 2 1 1 2 0 1 2 1 2 2 1 2 1 2 2 1 1 1 0 2 2 2 0 0 1 1 1 1 1 1 1 1 1 1 1 1 1 1 1 0 1 1 1 1 1 1 0 1 1 1 1 1 1 1 1 1 1 1 1 1 2 2 1 2 1 0 2 2 1 0 1 2 0 1 1 2 1 2 1 0 2 2 2 1 1 2 1 0 2 2 1 1 1 1 1 0 1 1 0 1 1 0 1 1 
1 1 0 1 0 1 1 0 1 1 1 1 0 1 1 0 1 1 1 1 1 1 0 0 1 1 0 1 1 1 1 1 1 1 1 1 1 1 1 1 1 1 0 1 1 1 1 1 1 1 1 1 2 2 1 1 1 1 1 1 0 2 1 1 2 1 2 0 2 2 2 2 1 2 2 2 0 1 0 1 0 1 1 0 1 1 1 1 1 1 1 a a a a a 1 0 1 1 1 1 0 1 1 1 1 1 0 0 0 0 0 1 1 0 2 2 2 1 2 2 1 1 2 0 0 1 0 2 1 1 2 0 1 1 1 0 0 1 1 2 2 1 0 1 1 1 1 1 0 1 1 1 1 1 1 1 1 1 
1 0 1 1 1 1 0 1 1 0 1 1 1 1 1 1 1 0 1 0 1 1 1 1 1 1 0 1 1 1 0 1 1 1 0 1 1 1 1 0 1 1 1 1 1 0 1 1 0 1 2 1 0 2 2 2 1 1 2 1 1 0 0 0 0 1 2 0 1 1 2 1 1 0 1 1 2 0 2 1 0 1 1 1 0 1 1 0 1 1 1 a 1 1 1 a 1 0 1 1 1 1 1 1 1 1 1 1 1 1 1 1 1 0 1 1 1 1 2 1 1 0 2 2 0 1 2 1 1 2 2 0 0 2 1 1 2 1 2 1 1 1 2 1 0 1 1 1 1 0 1 1 1 1 1 1 1 1 1 1 
0 1 1 1 1 1 0 1 1 1 1 1 0 1 1 0 1 0 1 1 1 0 0 1 1 0 1 1 1 1 1 1 1 1 1 1 1 0 1 1 0 1 1 0 1 1 0 1 0 2 1 2 0 2 1 1 1 0 1 1 1 2 2 1 1 1 2 1 2 2 2 1 0 1 1 2 1 2 1 1 1 1 1 0 1 1 0 1 1 1 1 a 1 0 1 0 1 1 1 1 1 1 1 1 0 1 1 1 1 1 1 1 0 0 1 2 2 1 0 1 0 0 0 1 2 0 1 2 2 0 0 0 2 1 2 2 1 0 1 0 1 0 0 1 2 0 0 1 1 1 1 1 1 1 1 1 1 0 1 1 
1 1 1 1 1 0 1 1 1 1 1 1 1 0 1 1 0 1 1 1 1 1 1 1 1 1 1 1 1 0 1 1 0 1 1 1 1 1 0 1 0 1 1 1 1 1 1 1 2 0 0 1 2 2 0 2 2 2 1 1 2 0 0 1 0 2 2 2 2 0 1 2 2 0 1 2 1 0 1 1 0 1 0 1 1 1 1 1 1 0 0 a 1 1 0 a 1 0 1 0 1 1 1 0 1 0 1 1 1 1 1 1 1 1 1 1 2 2 0 1 0 2 1 2 2 1 0 2 0 0 2 2 1 2 1 2 1 2 1 2 1 1 0 2 1 2 1 1 1 1 1 1 0 1 1 1 1 1 1 1 
1 1 1 1 1 1 1 0 0 0 1 1 1 1 1 1 1 1 1 1 1 1 1 1 0 1 1 1 1 1 1 1 1 1 1 1 0 1 1 0 1 1 1 1 1 1 1 1 1 2 1 0 0 2 1 2 2 2 0 2 1 1 1 2 0 2 2 2 1 2 2 0 2 2 2 0 2 2 2 1 1 1 0 1 0 1 1 0 1 1 1 a a a 1 a 1 1 1 1 1 1 1 1 0 1 1 1 0 1 0 1 0 1 1 2 1 2 2 1 2 2 1 1 2 2 0 2 1 1 1 2 1 1 2 1 2 2 1 0 1 2 2 2 1 0 1 1 1 1 1 1 1 1 1 1 0 1 1 1 
1 1 1 1 1 0 1 1 1 0 1 1 1 1 1 1 1 0 1 1 1 1 1 1 0 1 0 1 1 1 1 1 1 1 1 1 1 1 1 1 1 0 0 1 1 0 1 1 1 2 2 1 2 2 1 2 1 1 2 1 2 2 2 2 2 2 1 2 1 1 2 1 2 2 1 1 2 1 2 1 1 0 1 1 1 1 1 1 1 1 1 0 1 a 1 a 1 1 1 0 1 1 1 0 0 1 1 1 1 1 1 1 0 1 1 2 2 1 2 0 2 2 2 0 1 1 2 2 1 2 0 2 2 1 2 2 0 0 1 1 2 2 1 1 1 1 1 1 1 1 1 1 1 1 0 1 1 0 0 1 
1 1 0 0 1 1 0 1 1 1 1 1 1 1 1 1 1 1 1 1 1 1 1 1 1 1 1 1 1 1 1 1 1 1 0 1 1 1 0 1 0 0 0 1 1 1 1 0 0 2 2 2 2 1 2 2 0 1 0 0 0 1 2 2 2 1 2 2 1 0 2 0 2 0 2 2 2 2 1 1 1 1 1 1 1 1 1 0 1 1 1 1 1 a 1 0 1 0 0 1 1 1 1 1 1 1 1 1 1 0 1 0 1 1 1 2 1 1 2 0 1 2 1 2 2 1 0 1 2 0 2 0 1 0 2 2 1 1 2 1 1 1 1 2 1 0 1 1 1 1 1 1 0 1 1 0 1 1 1 0 
